lastAccountName: pepachino
timestamps:
  login: 1677727244343
  logout: 1677727761396
ipAddress: 127.0.0.1
logoutlocation:
  world: flatroom
  x: -0.5
  y: 100.0
  z: -1.5
  yaw: -178.18127
  pitch: -2.5767777
lastlocation:
  world: world
  x: 115.51676577459898
  y: 28.0
  z: 348.5425437952822
  yaw: 179.94458
  pitch: 1.2251512
